$ 1 0.0000049999999999999996 1.3241202019156522 61 5 43
t 128 96 160 96 0 1 -4.9999999999765 1.3499999988948709e-11 100
t 128 160 160 160 0 1 -4.9999999999765 1.3499999988948709e-11 100
w 160 80 192 80 0
w 192 80 192 48 0 
L 48 96 16 96 0 0 false 5 0
L 48 160 16 160 0 0 false 5 0
r 64 208 160 208 0 100
w 160 208 160 224 0
w 160 224 192 224 0
w 160 144 192 144 0
w 192 80 192 144 0
w 160 112 160 128 0
w 160 128 176 128 0
w 176 128 176 192 0
w 176 192 160 192 0
w 160 176 160 192 0
w 160 192 160 208 0
M 192 224 224 224 0 2.5
M 416 224 448 224 0 2.5
w 384 192 384 208 0
w 384 176 384 192 0
w 384 112 384 128 0
w 384 224 416 224 0
w 384 208 384 224 0
L 272 160 240 160 0 0 false 5 0
L 272 96 240 96 0 0 false 5 0
t 352 160 384 160 0 1 -0.01732867949568181 9.249999989350594e-12 100
t 352 96 384 96 0 1 -4.9999999999765 -0.01732867948393181 100
w 384 48 384 80 0
w 384 128 384 144 0
g 64 208 64 224 0
R 384 48 384 16 0 0 40 5 0 0 0.5
R 192 48 192 16 0 0 40 5 0 0 0.5
g 288 208 288 224 0
r 288 208 384 208 0 100
r 352 96 272 96 0 470
r 352 160 272 160 0 470
r 128 160 48 160 0 470
r 128 96 48 96 0 470
