$ 3 0.000005 1.8479586061009856 86 5 50
w 264 328 328 328 0
a 328 336 376 336 3 5 0 1000000
R 328 344 296 344 0 0 40 2.5 0 0 0.5
w 376 336 376 376 0
159 264 376 376 376 0 20 10000000000
159 200 376 264 376 0 20 10000000000
w 200 376 200 416 0
L 200 416 80 416 0 1 false 5 0
L 128 384 80 384 0 0 true 5 0
w 128 384 128 400 0
w 232 400 232 392 0
w 320 400 320 392 0
w 128 400 232 400 0
x 16 389 41 392 0 12 write
x 9 454 46 457 0 12 refresh
x 16 422 39 425 0 12 data
M 376 336 456 336 0 2.5
w 320 400 320 448 0
L 320 448 80 448 0 0 true 5 0
g 344 288 344 296 0
c 344 288 344 272 0 0.00001 0.0005491044634450397
w 264 328 264 272 0
f 312 304 312 272 0 1.5
w 328 272 344 272 0
w 296 272 264 272 0
w 296 208 264 208 0
w 328 208 344 208 0
f 312 240 312 208 0 1.5
c 344 224 344 208 0 0.00001 0.0005482077804222261
g 344 224 344 232 0
w 264 208 264 272 0
L 120 320 80 320 0 0 false 5 0
x 20 321 34 324 0 12 A0
197 72 16 88 16 1
157 136 16 160 16 1
185 160 136 168 136 1
w 136 80 168 80 0
w 136 96 184 96 0
w 184 96 184 80 0
w 136 112 200 112 0
w 200 112 200 80 0
g 344 96 344 104 0
c 344 96 344 80 0 0.00001 -3.3981182354413573
f 312 112 312 80 0 1.5
w 328 80 344 80 0
w 296 80 264 80 0
w 296 144 264 144 0
w 328 144 344 144 0
f 312 176 312 144 0 1.5
c 344 160 344 144 0 0.00001 0.0005475351284183686
g 344 160 344 168 0
w 264 144 264 208 0
w 264 80 264 144 0
x 20 356 34 359 0 12 A1
L 112 352 80 352 0 0 false 5 0
w 176 216 176 320 0
w 176 320 120 320 0
w 192 216 192 352 0
w 192 352 120 352 0
R 160 136 136 136 0 0 40 5 0 0 0.5
w 312 112 224 112 0
w 224 112 224 136 0
w 224 152 256 152 0
w 256 152 256 176 0
w 256 176 312 176 0
w 224 168 248 168 0
w 248 168 248 240 0
w 248 240 312 240 0
w 224 184 240 184 0
w 240 184 240 304 0
w 240 304 312 304 0
w 120 320 120 152 0
w 72 64 72 152 0
w 72 152 120 152 0
w 120 352 112 352 0
w 112 352 112 160 0
w 112 160 64 160 0
w 64 160 64 48 0
w 64 48 72 48 0
w 264 376 264 328 0
