$ 1 0.000005 7.619785657297057 61 5 50
d 240 128 272 160 1 0.805904783
d 272 160 304 128 1 0.805904783
d 240 128 272 96 1 0.805904783
d 272 96 304 128 1 0.805904783
v 80 160 80 96 0 1 60 120 0 0 0.5
w 272 96 224 96 0
w 272 160 224 160 0
w 240 128 240 176 0
w 336 128 368 128 0
w 176 112 192 96 0
w 176 144 192 160 0
w 128 144 80 160 0
w 192 160 224 160 0
w 192 96 224 96 0
z 432 176 432 128 1 0.805904783 5.6
w 336 176 368 176 0
w 368 176 400 176 0
s 432 128 496 128 0 0 false
w 240 176 336 176 0
w 80 96 128 112 0
g 496 176 496 208 0
w 432 176 496 176 0
w 432 176 400 176 0
c 336 176 336 128 0 0.005 -118.05212527217233
w 128 144 176 144 0
w 176 112 128 112 0
r 368 128 432 128 0 100
w 304 128 336 128 0
p 128 112 128 144 0
