$ 1 0.000005 10.20027730826997 58 5 50
R 320 128 320 96 0 0 40 5 0 0 0.5
r 320 128 320 208 0 1000
w 320 208 320 240 0
f 272 256 320 256 0 1.5
f 272 336 320 336 0 1.5
w 272 256 224 256 0
w 272 336 224 336 0
L 224 256 208 256 0 1 false 5 0
L 224 336 208 336 0 1 false 5 0
g 320 352 320 368 0
w 320 320 336 320 0
w 336 240 320 240 0
r 384 128 384 208 0 1000
f 336 240 384 240 0 1.5
w 384 128 320 128 0
w 384 224 384 208 0
g 384 256 384 272 0
M 384 208 416 208 0 2.5
w 320 272 352 272 0
w 352 272 352 352 0
w 352 352 320 352 0
