$ 1 0.000005 10.20027730826997 58 5 50
R 128 48 128 16 0 0 40 5 0 0 0.5
r 128 48 128 128 0 1000
w 128 128 128 160 0
f 80 176 128 176 0 1.5
f 80 256 128 256 0 1.5
w 80 176 32 176 0
w 80 256 32 256 0
L 32 176 16 176 0 1 false 5 0
L 32 256 16 256 0 1 false 5 0
g 128 272 128 288 0
w 128 240 144 240 0
w 144 160 128 160 0
r 192 48 192 128 0 1000
f 144 160 192 160 0 1.5
w 192 48 128 48 0
w 192 144 192 128 0
g 192 176 192 192 0
M 192 128 224 128 0 2.5
w 128 192 160 192 0
w 160 192 160 272 0
w 160 272 128 272 0
w 144 240 144 160 0
M 416 128 448 128 0 2.5
w 352 160 368 160 0
w 416 128 416 144 0
g 416 176 416 192 0
f 368 160 416 160 0 1.5
r 416 48 416 128 0 1000
w 352 48 416 48 0
L 272 256 256 256 0 1 false 5 0
L 272 176 256 176 0 1 false 5 0
w 304 256 272 256 0
w 304 176 272 176 0
w 352 272 352 304 0
w 352 208 352 240 0
w 352 128 352 160 0
g 352 304 352 320 0
w 352 192 352 208 0
f 304 256 352 256 0 1.5
f 304 176 352 176 0 1.5
r 352 48 352 128 0 1000
R 352 48 352 16 0 0 40 5 0 0 0.5
