$ 1 0.0000049999999999999996 10.20027730826997 51 5 43
R 400 96 384 96 0 0 40 5 0 0 0.5
t 384 144 400 144 0 1 -2.6787748200360135 0.09853954575084378 100
w 400 96 400 128 0
159 400 192 400 224 0 20 10000000000
159 448 192 448 224 0 20 10000000000
w 448 160 448 96 0
w 448 96 400 96 0
t 384 256 400 256 0 1 0.554880334586898 0.5551291090826451 100
w 448 160 448 192 0
w 400 160 400 192 0
w 400 224 400 240 0
w 448 224 448 240 0
w 400 240 448 240 0
w 480 272 480 160 0
w 480 160 480 144 0
w 480 144 416 144 0
w 416 144 416 160 0
w 416 160 400 160 0
159 480 272 448 272 0 20 10000000000
w 448 272 400 272 0
w 464 256 432 208 0
g 400 352 400 368 0
w 400 304 400 272 0
w 400 304 512 304 0
w 384 208 352 208 0
w 432 208 432 176 0
w 432 176 352 176 0
M 512 304 544 304 0 2.5
w 352 176 240 176 0
w 352 208 240 208 0
t 144 208 160 208 0 1 -4.901460453788258 0.09853954519174206 100
g 160 224 160 256 0
R 160 144 144 144 0 0 40 5 0 0 0.5
s 48 208 96 208 0 1 false
R 48 208 32 208 0 0 40 5 0 0 0.5
r 144 208 96 208 0 10000
r 160 144 160 192 0 200
w 96 208 96 272 0
R 272 144 256 144 0 0 40 5 0 0 0.5
s 272 144 320 144 0 1 false
r 384 144 320 144 0 10000
r 384 256 320 256 0 10000
s 272 256 320 256 0 0 false
R 272 256 256 256 0 0 40 5 0 0 0.5
w 176 208 176 288 0
w 176 288 96 288 0
w 96 288 96 272 0
w 176 208 240 176 0
w 160 192 240 208 0
r 400 304 400 352 0 10000
